width = 1394
height = 972
[camera0]
cameraX = -2.32042494974535717933150635872152633965015411376953125000000000000000000000000000000000000000000000000000000000000000000000000000e-01
cameraY = -2.58924801630612100300510292072431184351444244384765625000000000000000000000000000000000000000000000000000000000000000000000000000e-01
cameraZoom = 1.33027946472911474951050792014939361251890659332275390625000000000000000000000000000000000000000000000000000000000000000000000000e-02
iteration = 100

[camera1]
cameraX = 0.00000000000000000000000000000000000000000000000000000000000000000000000000000000000000000000000000000000000000000000000000000000e+00
cameraY = 1.41303860917387467954764446176341152749955654144287109375000000000000000000000000000000000000000000000000000000000000000000000000e-02
cameraZoom = 4.71012869724624916312194500278565101325511932373046875000000000000000000000000000000000000000000000000000000000000000000000000000e-02
iteration = 185

